0.000000000000000000e+00 1.000000000000000000e+00 1.000000000000000000e+00
1.201201201201201191e-02 1.000000000000000000e+00 1.000000000000000000e+00
2.402402402402402382e-02 1.000000000000000000e+00 1.000000000000000000e+00
3.603603603603603572e-02 1.000000000000000000e+00 1.000000000000000000e+00
4.804804804804804763e-02 1.000000000000000000e+00 1.000000000000000000e+00
6.006006006006005954e-02 1.000000000000000000e+00 1.000000000000000000e+00
7.207207207207207145e-02 1.000000000000000000e+00 1.000000000000000000e+00
8.408408408408407642e-02 1.000000000000000000e+00 1.000000000000000000e+00
9.609609609609609526e-02 1.000000000000000000e+00 1.000000000000000000e+00
1.081081081081081141e-01 1.000000000000000000e+00 1.000000000000000000e+00
1.201201201201201191e-01 1.000000000000000000e+00 1.000000000000000000e+00
1.321321321321321240e-01 1.000000000000000000e+00 1.000000000000000000e+00
1.441441441441441429e-01 1.000000000000000000e+00 1.000000000000000000e+00
1.561561561561561617e-01 1.000000000000000000e+00 1.000000000000000000e+00
1.681681681681681528e-01 1.000000000000000000e+00 1.000000000000000000e+00
1.801801801801801717e-01 1.000000000000000000e+00 1.000000000000000000e+00
1.921921921921921905e-01 1.000000000000000000e+00 1.000000000000000000e+00
2.042042042042042094e-01 1.000000000000000000e+00 1.000000000000000000e+00
2.162162162162162282e-01 1.000000000000000000e+00 1.000000000000000000e+00
2.282282282282282193e-01 1.000000000000000000e+00 1.000000000000000000e+00
2.402402402402402382e-01 1.000000000000000000e+00 1.000000000000000000e+00
2.522522522522522292e-01 1.000000000000000000e+00 1.000000000000000000e+00
2.642642642642642481e-01 1.000000000000000000e+00 1.000000000000000000e+00
2.762762762762762669e-01 1.000000000000000000e+00 1.000000000000000000e+00
2.882882882882882858e-01 1.000000000000000000e+00 1.000000000000000000e+00
3.003003003003003046e-01 1.000000000000000000e+00 1.000000000000000000e+00
3.123123123123123235e-01 1.000000000000000000e+00 1.000000000000000000e+00
3.243243243243243423e-01 1.000000000000000000e+00 1.000000000000000000e+00
3.363363363363363057e-01 1.000000000000000000e+00 1.000000000000000000e+00
3.483483483483483245e-01 1.000000000000000000e+00 1.000000000000000000e+00
3.603603603603603434e-01 1.000000000000000000e+00 1.000000000000000000e+00
3.723723723723723622e-01 1.000000000000000000e+00 1.000000000000000000e+00
3.843843843843843811e-01 1.000000000000000000e+00 1.000000000000000000e+00
3.963963963963963999e-01 1.000000000000000000e+00 1.000000000000000000e+00
4.084084084084084187e-01 1.000000000000000000e+00 1.000000000000000000e+00
4.204204204204204376e-01 1.000000000000000000e+00 1.000000000000000000e+00
4.324324324324324564e-01 1.000000000000000000e+00 1.000000000000000000e+00
4.444444444444444198e-01 1.000000000000000000e+00 1.000000000000000000e+00
4.564564564564564386e-01 1.000000000000000000e+00 1.000000000000000000e+00
4.684684684684684575e-01 1.000000000000000000e+00 1.000000000000000000e+00
4.804804804804804763e-01 1.000000000000000000e+00 1.000000000000000000e+00
4.924924924924924952e-01 1.000000000000000000e+00 1.000000000000000000e+00
5.045045045045044585e-01 1.000000000000000000e+00 1.000000000000000000e+00
5.165165165165165329e-01 1.000000000000000000e+00 1.000000000000000000e+00
5.285285285285284962e-01 1.000000000000000000e+00 1.000000000000000000e+00
5.405405405405405705e-01 1.000000000000000000e+00 1.000000000000000000e+00
5.525525525525525339e-01 1.000000000000000000e+00 1.000000000000000000e+00
5.645645645645646082e-01 1.000000000000000000e+00 1.000000000000000000e+00
5.765765765765765716e-01 1.000000000000000000e+00 1.000000000000000000e+00
5.885885885885885349e-01 1.000000000000000000e+00 1.000000000000000000e+00
6.006006006006006093e-01 1.000000000000000000e+00 1.000000000000000000e+00
6.126126126126125726e-01 1.000000000000000000e+00 1.000000000000000000e+00
6.246246246246246470e-01 1.000000000000000000e+00 1.000000000000000000e+00
6.366366366366366103e-01 1.000000000000000000e+00 1.000000000000000000e+00
6.486486486486486847e-01 1.000000000000000000e+00 1.000000000000000000e+00
6.606606606606606480e-01 1.000000000000000000e+00 1.000000000000000000e+00
6.726726726726726113e-01 1.000000000000000000e+00 1.000000000000000000e+00
6.846846846846846857e-01 1.000000000000000000e+00 1.000000000000000000e+00
6.966966966966966490e-01 1.000000000000000000e+00 1.000000000000000000e+00
7.087087087087087234e-01 1.000000000000000000e+00 1.000000000000000000e+00
7.207207207207206867e-01 1.000000000000000000e+00 1.000000000000000000e+00
7.327327327327327611e-01 1.000000000000000000e+00 1.000000000000000000e+00
7.447447447447447244e-01 1.000000000000000000e+00 1.000000000000000000e+00
7.567567567567567988e-01 1.000000000000000000e+00 1.000000000000000000e+00
7.687687687687687621e-01 1.000000000000000000e+00 1.000000000000000000e+00
7.807807807807807254e-01 1.000000000000000000e+00 1.000000000000000000e+00
7.927927927927927998e-01 1.000000000000000000e+00 1.000000000000000000e+00
8.048048048048047631e-01 1.000000000000000000e+00 1.000000000000000000e+00
8.168168168168168375e-01 1.000000000000000000e+00 1.000000000000000000e+00
8.288288288288288008e-01 1.000000000000000000e+00 1.000000000000000000e+00
8.408408408408408752e-01 1.000000000000000000e+00 1.000000000000000000e+00
8.528528528528528385e-01 1.000000000000000000e+00 1.000000000000000000e+00
8.648648648648649129e-01 1.000000000000000000e+00 1.000000000000000000e+00
8.768768768768768762e-01 1.000000000000000000e+00 1.000000000000000000e+00
8.888888888888888395e-01 1.000000000000000000e+00 1.000000000000000000e+00
9.009009009009009139e-01 1.000000000000000000e+00 1.000000000000000000e+00
9.129129129129128772e-01 1.000000000000000000e+00 1.000000000000000000e+00
9.249249249249249516e-01 1.000000000000000000e+00 1.000000000000000000e+00
9.369369369369369149e-01 1.000000000000000000e+00 1.000000000000000000e+00
9.489489489489489893e-01 1.000000000000000000e+00 1.000000000000000000e+00
9.609609609609609526e-01 1.000000000000000000e+00 1.000000000000000000e+00
9.729729729729729160e-01 1.000000000000000000e+00 1.000000000000000000e+00
9.849849849849849903e-01 1.000000000000000000e+00 1.000000000000000000e+00
9.969969969969969537e-01 1.000000000000000000e+00 1.000000000000000000e+00
1.009009009009008917e+00 1.000000000000000000e+00 1.000000000000000000e+00
1.021021021021021102e+00 1.000000000000000000e+00 1.000000000000000000e+00
1.033033033033033066e+00 1.000000000000000000e+00 1.000000000000000000e+00
1.045045045045045029e+00 1.000000000000000000e+00 1.000000000000000000e+00
1.057057057057056992e+00 1.000000000000000000e+00 1.000000000000000000e+00
1.069069069069068956e+00 1.000000000000000000e+00 1.000000000000000000e+00
1.081081081081081141e+00 1.000000000000000000e+00 1.000000000000000000e+00
1.093093093093093104e+00 1.000000000000000000e+00 1.000000000000000000e+00
1.105105105105105068e+00 1.000000000000000000e+00 1.000000000000000000e+00
1.117117117117117031e+00 1.000000000000000000e+00 1.000000000000000000e+00
1.129129129129129216e+00 1.000000000000000000e+00 1.000000000000000000e+00
1.141141141141141180e+00 1.000000000000000000e+00 1.000000000000000000e+00
1.153153153153153143e+00 1.000000000000000000e+00 1.000000000000000000e+00
1.165165165165165106e+00 1.000000000000000000e+00 1.000000000000000000e+00
1.177177177177177070e+00 1.000000000000000000e+00 1.000000000000000000e+00
1.189189189189189255e+00 1.000000000000000000e+00 1.000000000000000000e+00
1.201201201201201219e+00 1.000000000000000000e+00 1.000000000000000000e+00
1.213213213213213182e+00 1.000000000000000000e+00 1.000000000000000000e+00
1.225225225225225145e+00 1.000000000000000000e+00 1.000000000000000000e+00
1.237237237237237331e+00 1.000000000000000000e+00 1.000000000000000000e+00
1.249249249249249294e+00 1.000000000000000000e+00 1.000000000000000000e+00
1.261261261261261257e+00 1.000000000000000000e+00 1.000000000000000000e+00
1.273273273273273221e+00 1.000000000000000000e+00 1.000000000000000000e+00
1.285285285285285184e+00 1.000000000000000000e+00 1.000000000000000000e+00
1.297297297297297369e+00 1.000000000000000000e+00 1.000000000000000000e+00
1.309309309309309333e+00 1.000000000000000000e+00 1.000000000000000000e+00
1.321321321321321296e+00 1.000000000000000000e+00 1.000000000000000000e+00
1.333333333333333259e+00 1.000000000000000000e+00 1.000000000000000000e+00
1.345345345345345223e+00 1.000000000000000000e+00 1.000000000000000000e+00
1.357357357357357408e+00 1.000000000000000000e+00 1.000000000000000000e+00
1.369369369369369371e+00 1.000000000000000000e+00 1.000000000000000000e+00
1.381381381381381335e+00 1.000000000000000000e+00 1.000000000000000000e+00
1.393393393393393298e+00 1.000000000000000000e+00 1.000000000000000000e+00
1.405405405405405483e+00 1.000000000000000000e+00 1.000000000000000000e+00
1.417417417417417447e+00 1.000000000000000000e+00 1.000000000000000000e+00
1.429429429429429410e+00 1.000000000000000000e+00 1.000000000000000000e+00
1.441441441441441373e+00 1.000000000000000000e+00 1.000000000000000000e+00
1.453453453453453337e+00 1.000000000000000000e+00 1.000000000000000000e+00
1.465465465465465522e+00 1.000000000000000000e+00 1.000000000000000000e+00
1.477477477477477485e+00 1.000000000000000000e+00 1.000000000000000000e+00
1.489489489489489449e+00 1.000000000000000000e+00 1.000000000000000000e+00
1.501501501501501412e+00 1.000000000000000000e+00 1.000000000000000000e+00
1.513513513513513598e+00 1.000000000000000000e+00 1.000000000000000000e+00
1.525525525525525561e+00 1.000000000000000000e+00 1.000000000000000000e+00
1.537537537537537524e+00 1.000000000000000000e+00 1.000000000000000000e+00
1.549549549549549488e+00 1.000000000000000000e+00 1.000000000000000000e+00
1.561561561561561451e+00 1.000000000000000000e+00 1.000000000000000000e+00
1.573573573573573636e+00 1.000000000000000000e+00 1.000000000000000000e+00
1.585585585585585600e+00 1.000000000000000000e+00 1.000000000000000000e+00
1.597597597597597563e+00 1.000000000000000000e+00 1.000000000000000000e+00
1.609609609609609526e+00 1.000000000000000000e+00 1.000000000000000000e+00
1.621621621621621712e+00 1.000000000000000000e+00 1.000000000000000000e+00
1.633633633633633675e+00 1.000000000000000000e+00 1.000000000000000000e+00
1.645645645645645638e+00 1.000000000000000000e+00 1.000000000000000000e+00
1.657657657657657602e+00 1.000000000000000000e+00 1.000000000000000000e+00
1.669669669669669565e+00 1.000000000000000000e+00 1.000000000000000000e+00
1.681681681681681750e+00 1.000000000000000000e+00 1.000000000000000000e+00
1.693693693693693714e+00 1.000000000000000000e+00 1.000000000000000000e+00
1.705705705705705677e+00 1.000000000000000000e+00 1.000000000000000000e+00
1.717717717717717640e+00 1.000000000000000000e+00 1.000000000000000000e+00
1.729729729729729826e+00 1.000000000000000000e+00 1.000000000000000000e+00
1.741741741741741789e+00 1.000000000000000000e+00 1.000000000000000000e+00
1.753753753753753752e+00 1.000000000000000000e+00 1.000000000000000000e+00
1.765765765765765716e+00 1.000000000000000000e+00 1.000000000000000000e+00
1.777777777777777679e+00 1.000000000000000000e+00 1.000000000000000000e+00
1.789789789789789864e+00 1.000000000000000000e+00 1.000000000000000000e+00
1.801801801801801828e+00 1.000000000000000000e+00 1.000000000000000000e+00
1.813813813813813791e+00 1.000000000000000000e+00 1.000000000000000000e+00
1.825825825825825754e+00 1.000000000000000000e+00 1.000000000000000000e+00
1.837837837837837718e+00 1.000000000000000000e+00 1.000000000000000000e+00
1.849849849849849903e+00 1.000000000000000000e+00 1.000000000000000000e+00
1.861861861861861867e+00 1.000000000000000000e+00 1.000000000000000000e+00
1.873873873873873830e+00 1.000000000000000000e+00 1.000000000000000000e+00
1.885885885885885793e+00 1.000000000000000000e+00 1.000000000000000000e+00
1.897897897897897979e+00 1.000000000000000000e+00 1.000000000000000000e+00
1.909909909909909942e+00 1.000000000000000000e+00 1.000000000000000000e+00
1.921921921921921905e+00 1.000000000000000000e+00 1.000000000000000000e+00
1.933933933933933869e+00 1.000000000000000000e+00 1.000000000000000000e+00
1.945945945945945832e+00 1.000000000000000000e+00 1.000000000000000000e+00
1.957957957957958017e+00 1.000000000000000000e+00 1.000000000000000000e+00
1.969969969969969981e+00 1.000000000000000000e+00 1.000000000000000000e+00
1.981981981981981944e+00 1.000000000000000000e+00 1.000000000000000000e+00
1.993993993993993907e+00 1.000000000000000000e+00 1.000000000000000000e+00
2.006006006006006093e+00 1.000000000000000000e+00 1.000000000000000000e+00
2.018018018018017834e+00 1.000000000000000000e+00 1.000000000000000000e+00
2.030030030030030019e+00 1.000000000000000000e+00 1.000000000000000000e+00
2.042042042042042205e+00 1.000000000000000000e+00 1.000000000000000000e+00
2.054054054054053946e+00 1.000000000000000000e+00 1.000000000000000000e+00
2.066066066066066131e+00 1.000000000000000000e+00 1.000000000000000000e+00
2.078078078078077873e+00 1.000000000000000000e+00 1.000000000000000000e+00
2.090090090090090058e+00 1.000000000000000000e+00 1.000000000000000000e+00
2.102102102102102243e+00 1.000000000000000000e+00 1.000000000000000000e+00
2.114114114114113985e+00 1.000000000000000000e+00 1.000000000000000000e+00
2.126126126126126170e+00 1.000000000000000000e+00 1.000000000000000000e+00
2.138138138138137911e+00 1.000000000000000000e+00 1.000000000000000000e+00
2.150150150150150097e+00 1.000000000000000000e+00 1.000000000000000000e+00
2.162162162162162282e+00 1.000000000000000000e+00 1.000000000000000000e+00
2.174174174174174023e+00 1.000000000000000000e+00 1.000000000000000000e+00
2.186186186186186209e+00 1.000000000000000000e+00 1.000000000000000000e+00
2.198198198198198394e+00 1.000000000000000000e+00 1.000000000000000000e+00
2.210210210210210136e+00 1.000000000000000000e+00 1.000000000000000000e+00
2.222222222222222321e+00 1.000000000000000000e+00 1.000000000000000000e+00
2.234234234234234062e+00 1.000000000000000000e+00 1.000000000000000000e+00
2.246246246246246248e+00 1.000000000000000000e+00 1.000000000000000000e+00
2.258258258258258433e+00 1.000000000000000000e+00 1.000000000000000000e+00
2.270270270270270174e+00 1.000000000000000000e+00 1.000000000000000000e+00
2.282282282282282360e+00 1.000000000000000000e+00 1.000000000000000000e+00
2.294294294294294101e+00 1.000000000000000000e+00 1.000000000000000000e+00
2.306306306306306286e+00 1.000000000000000000e+00 1.000000000000000000e+00
2.318318318318318472e+00 1.000000000000000000e+00 1.000000000000000000e+00
2.330330330330330213e+00 1.000000000000000000e+00 1.000000000000000000e+00
2.342342342342342398e+00 1.000000000000000000e+00 1.000000000000000000e+00
2.354354354354354140e+00 1.000000000000000000e+00 1.000000000000000000e+00
2.366366366366366325e+00 1.000000000000000000e+00 1.000000000000000000e+00
2.378378378378378510e+00 1.000000000000000000e+00 1.000000000000000000e+00
2.390390390390390252e+00 1.000000000000000000e+00 1.000000000000000000e+00
2.402402402402402437e+00 1.000000000000000000e+00 1.000000000000000000e+00
2.414414414414414178e+00 1.000000000000000000e+00 1.000000000000000000e+00
2.426426426426426364e+00 1.000000000000000000e+00 1.000000000000000000e+00
2.438438438438438549e+00 1.000000000000000000e+00 1.000000000000000000e+00
2.450450450450450290e+00 1.000000000000000000e+00 1.000000000000000000e+00
2.462462462462462476e+00 1.000000000000000000e+00 1.000000000000000000e+00
2.474474474474474661e+00 1.000000000000000000e+00 1.000000000000000000e+00
2.486486486486486402e+00 1.000000000000000000e+00 1.000000000000000000e+00
2.498498498498498588e+00 1.000000000000000000e+00 1.000000000000000000e+00
2.510510510510510329e+00 1.000000000000000000e+00 1.000000000000000000e+00
2.522522522522522515e+00 1.000000000000000000e+00 1.000000000000000000e+00
2.534534534534534700e+00 1.000000000000000000e+00 1.000000000000000000e+00
2.546546546546546441e+00 1.000000000000000000e+00 1.000000000000000000e+00
2.558558558558558627e+00 1.000000000000000000e+00 1.000000000000000000e+00
2.570570570570570368e+00 1.000000000000000000e+00 1.000000000000000000e+00
2.582582582582582553e+00 1.000000000000000000e+00 1.000000000000000000e+00
2.594594594594594739e+00 1.000000000000000000e+00 1.000000000000000000e+00
2.606606606606606480e+00 1.000000000000000000e+00 1.000000000000000000e+00
2.618618618618618665e+00 1.000000000000000000e+00 1.000000000000000000e+00
2.630630630630630407e+00 1.000000000000000000e+00 1.000000000000000000e+00
2.642642642642642592e+00 1.000000000000000000e+00 1.000000000000000000e+00
2.654654654654654777e+00 1.000000000000000000e+00 1.000000000000000000e+00
2.666666666666666519e+00 1.000000000000000000e+00 1.000000000000000000e+00
2.678678678678678704e+00 1.000000000000000000e+00 1.000000000000000000e+00
2.690690690690690445e+00 1.000000000000000000e+00 1.000000000000000000e+00
2.702702702702702631e+00 1.000000000000000000e+00 1.000000000000000000e+00
2.714714714714714816e+00 1.000000000000000000e+00 1.000000000000000000e+00
2.726726726726726557e+00 1.000000000000000000e+00 1.000000000000000000e+00
2.738738738738738743e+00 1.000000000000000000e+00 1.000000000000000000e+00
2.750750750750750928e+00 1.000000000000000000e+00 1.000000000000000000e+00
2.762762762762762669e+00 1.000000000000000000e+00 1.000000000000000000e+00
2.774774774774774855e+00 1.000000000000000000e+00 1.000000000000000000e+00
2.786786786786786596e+00 1.000000000000000000e+00 1.000000000000000000e+00
2.798798798798798781e+00 1.000000000000000000e+00 1.000000000000000000e+00
2.810810810810810967e+00 1.000000000000000000e+00 1.000000000000000000e+00
2.822822822822822708e+00 1.000000000000000000e+00 1.000000000000000000e+00
2.834834834834834894e+00 1.000000000000000000e+00 1.000000000000000000e+00
2.846846846846846635e+00 1.000000000000000000e+00 1.000000000000000000e+00
2.858858858858858820e+00 1.000000000000000000e+00 1.000000000000000000e+00
2.870870870870871006e+00 1.000000000000000000e+00 1.000000000000000000e+00
2.882882882882882747e+00 1.000000000000000000e+00 1.000000000000000000e+00
2.894894894894894932e+00 1.000000000000000000e+00 1.000000000000000000e+00
2.906906906906906674e+00 1.000000000000000000e+00 1.000000000000000000e+00
2.918918918918918859e+00 1.000000000000000000e+00 1.000000000000000000e+00
2.930930930930931044e+00 1.000000000000000000e+00 1.000000000000000000e+00
2.942942942942942786e+00 1.000000000000000000e+00 1.000000000000000000e+00
2.954954954954954971e+00 1.000000000000000000e+00 1.000000000000000000e+00
2.966966966966967156e+00 1.000000000000000000e+00 1.000000000000000000e+00
2.978978978978978898e+00 1.000000000000000000e+00 1.000000000000000000e+00
2.990990990990991083e+00 1.000000000000000000e+00 1.000000000000000000e+00
3.003003003003002824e+00 1.000000000000000000e+00 1.000000000000000000e+00
3.015015015015015010e+00 1.000000000000000000e+00 1.000000000000000000e+00
3.027027027027027195e+00 1.000000000000000000e+00 1.000000000000000000e+00
3.039039039039038936e+00 1.000000000000000000e+00 1.000000000000000000e+00
3.051051051051051122e+00 1.000000000000000000e+00 1.000000000000000000e+00
3.063063063063062863e+00 1.000000000000000000e+00 1.000000000000000000e+00
3.075075075075075048e+00 1.000000000000000000e+00 1.000000000000000000e+00
3.087087087087087234e+00 1.000000000000000000e+00 1.000000000000000000e+00
3.099099099099098975e+00 1.000000000000000000e+00 1.000000000000000000e+00
3.111111111111111160e+00 1.000000000000000000e+00 1.000000000000000000e+00
3.123123123123122902e+00 1.000000000000000000e+00 1.000000000000000000e+00
3.135135135135135087e+00 1.000000000000000000e+00 1.000000000000000000e+00
3.147147147147147273e+00 1.000000000000000000e+00 1.000000000000000000e+00
3.159159159159159014e+00 1.000000000000000000e+00 1.000000000000000000e+00
3.171171171171171199e+00 1.000000000000000000e+00 1.000000000000000000e+00
3.183183183183182940e+00 1.000000000000000000e+00 1.000000000000000000e+00
3.195195195195195126e+00 1.000000000000000000e+00 1.000000000000000000e+00
3.207207207207207311e+00 1.000000000000000000e+00 1.000000000000000000e+00
3.219219219219219053e+00 1.000000000000000000e+00 1.000000000000000000e+00
3.231231231231231238e+00 1.000000000000000000e+00 1.000000000000000000e+00
3.243243243243243423e+00 1.000000000000000000e+00 1.000000000000000000e+00
3.255255255255255165e+00 1.000000000000000000e+00 1.000000000000000000e+00
3.267267267267267350e+00 1.000000000000000000e+00 1.000000000000000000e+00
3.279279279279279091e+00 1.000000000000000000e+00 1.000000000000000000e+00
3.291291291291291277e+00 1.000000000000000000e+00 1.000000000000000000e+00
3.303303303303303462e+00 1.000000000000000000e+00 1.000000000000000000e+00
3.315315315315315203e+00 1.000000000000000000e+00 1.000000000000000000e+00
3.327327327327327389e+00 1.000000000000000000e+00 1.000000000000000000e+00
3.339339339339339130e+00 1.000000000000000000e+00 1.000000000000000000e+00
3.351351351351351315e+00 1.000000000000000000e+00 1.000000000000000000e+00
3.363363363363363501e+00 1.000000000000000000e+00 1.000000000000000000e+00
3.375375375375375242e+00 1.000000000000000000e+00 1.000000000000000000e+00
3.387387387387387427e+00 1.000000000000000000e+00 1.000000000000000000e+00
3.399399399399399169e+00 1.000000000000000000e+00 1.000000000000000000e+00
3.411411411411411354e+00 1.000000000000000000e+00 1.000000000000000000e+00
3.423423423423423539e+00 1.000000000000000000e+00 1.000000000000000000e+00
3.435435435435435281e+00 1.000000000000000000e+00 1.000000000000000000e+00
3.447447447447447466e+00 1.000000000000000000e+00 1.000000000000000000e+00
3.459459459459459651e+00 1.000000000000000000e+00 1.000000000000000000e+00
3.471471471471471393e+00 1.000000000000000000e+00 1.000000000000000000e+00
3.483483483483483578e+00 1.000000000000000000e+00 1.000000000000000000e+00
3.495495495495495319e+00 1.000000000000000000e+00 1.000000000000000000e+00
3.507507507507507505e+00 1.000000000000000000e+00 1.000000000000000000e+00
3.519519519519519690e+00 1.000000000000000000e+00 1.000000000000000000e+00
3.531531531531531432e+00 1.000000000000000000e+00 1.000000000000000000e+00
3.543543543543543617e+00 1.000000000000000000e+00 1.000000000000000000e+00
3.555555555555555358e+00 1.000000000000000000e+00 1.000000000000000000e+00
3.567567567567567544e+00 1.000000000000000000e+00 1.000000000000000000e+00
3.579579579579579729e+00 1.000000000000000000e+00 1.000000000000000000e+00
3.591591591591591470e+00 1.000000000000000000e+00 1.000000000000000000e+00
3.603603603603603656e+00 1.000000000000000000e+00 1.000000000000000000e+00
3.615615615615615397e+00 1.000000000000000000e+00 1.000000000000000000e+00
3.627627627627627582e+00 1.000000000000000000e+00 1.000000000000000000e+00
3.639639639639639768e+00 1.000000000000000000e+00 1.000000000000000000e+00
3.651651651651651509e+00 1.000000000000000000e+00 1.000000000000000000e+00
3.663663663663663694e+00 1.000000000000000000e+00 1.000000000000000000e+00
3.675675675675675436e+00 1.000000000000000000e+00 1.000000000000000000e+00
3.687687687687687621e+00 1.000000000000000000e+00 1.000000000000000000e+00
3.699699699699699806e+00 1.000000000000000000e+00 1.000000000000000000e+00
3.711711711711711548e+00 1.000000000000000000e+00 1.000000000000000000e+00
3.723723723723723733e+00 1.000000000000000000e+00 1.000000000000000000e+00
3.735735735735735918e+00 1.000000000000000000e+00 1.000000000000000000e+00
3.747747747747747660e+00 1.000000000000000000e+00 1.000000000000000000e+00
3.759759759759759845e+00 1.000000000000000000e+00 1.000000000000000000e+00
3.771771771771771586e+00 1.000000000000000000e+00 1.000000000000000000e+00
3.783783783783783772e+00 1.000000000000000000e+00 1.000000000000000000e+00
3.795795795795795957e+00 1.000000000000000000e+00 1.000000000000000000e+00
3.807807807807807698e+00 1.000000000000000000e+00 1.000000000000000000e+00
3.819819819819819884e+00 1.000000000000000000e+00 1.000000000000000000e+00
3.831831831831831625e+00 1.000000000000000000e+00 1.000000000000000000e+00
3.843843843843843811e+00 1.000000000000000000e+00 1.000000000000000000e+00
3.855855855855855996e+00 1.000000000000000000e+00 1.000000000000000000e+00
3.867867867867867737e+00 1.000000000000000000e+00 1.000000000000000000e+00
3.879879879879879923e+00 1.000000000000000000e+00 1.000000000000000000e+00
3.891891891891891664e+00 1.000000000000000000e+00 1.000000000000000000e+00
3.903903903903903849e+00 1.000000000000000000e+00 1.000000000000000000e+00
3.915915915915916035e+00 1.000000000000000000e+00 1.000000000000000000e+00
3.927927927927927776e+00 1.000000000000000000e+00 1.000000000000000000e+00
3.939939939939939961e+00 1.000000000000000000e+00 1.000000000000000000e+00
3.951951951951951703e+00 1.000000000000000000e+00 1.000000000000000000e+00
3.963963963963963888e+00 1.000000000000000000e+00 1.000000000000000000e+00
3.975975975975976073e+00 1.000000000000000000e+00 1.000000000000000000e+00
3.987987987987987815e+00 1.000000000000000000e+00 1.000000000000000000e+00
4.000000000000000000e+00 1.000000000000000000e+00 1.000000000000000000e+00
4.012012012012012185e+00 1.000000000000000000e+00 1.000000000000000000e+00
4.024024024024024371e+00 1.000000000000000000e+00 1.000000000000000000e+00
4.036036036036035668e+00 1.000000000000000000e+00 1.000000000000000000e+00
4.048048048048047853e+00 1.000000000000000000e+00 1.000000000000000000e+00
4.060060060060060039e+00 1.000000000000000000e+00 1.000000000000000000e+00
4.072072072072072224e+00 1.000000000000000000e+00 1.000000000000000000e+00
4.084084084084084409e+00 1.000000000000000000e+00 1.000000000000000000e+00
4.096096096096095707e+00 1.000000000000000000e+00 1.000000000000000000e+00
4.108108108108107892e+00 1.000000000000000000e+00 1.000000000000000000e+00
4.120120120120120077e+00 1.000000000000000000e+00 1.000000000000000000e+00
4.132132132132132263e+00 1.000000000000000000e+00 1.000000000000000000e+00
4.144144144144144448e+00 1.000000000000000000e+00 1.000000000000000000e+00
4.156156156156155745e+00 1.000000000000000000e+00 1.000000000000000000e+00
4.168168168168167931e+00 1.000000000000000000e+00 1.000000000000000000e+00
4.180180180180180116e+00 1.000000000000000000e+00 1.000000000000000000e+00
4.192192192192192302e+00 1.000000000000000000e+00 1.000000000000000000e+00
4.204204204204204487e+00 1.000000000000000000e+00 1.000000000000000000e+00
4.216216216216215784e+00 1.000000000000000000e+00 1.000000000000000000e+00
4.228228228228227970e+00 1.000000000000000000e+00 1.000000000000000000e+00
4.240240240240240155e+00 1.000000000000000000e+00 1.000000000000000000e+00
4.252252252252252340e+00 1.000000000000000000e+00 1.000000000000000000e+00
4.264264264264264526e+00 1.000000000000000000e+00 1.000000000000000000e+00
4.276276276276275823e+00 1.000000000000000000e+00 1.000000000000000000e+00
4.288288288288288008e+00 1.000000000000000000e+00 1.000000000000000000e+00
4.300300300300300194e+00 1.000000000000000000e+00 1.000000000000000000e+00
4.312312312312312379e+00 1.000000000000000000e+00 1.000000000000000000e+00
4.324324324324324564e+00 1.000000000000000000e+00 1.000000000000000000e+00
4.336336336336335862e+00 1.000000000000000000e+00 1.000000000000000000e+00
4.348348348348348047e+00 1.000000000000000000e+00 1.000000000000000000e+00
4.360360360360360232e+00 1.000000000000000000e+00 1.000000000000000000e+00
4.372372372372372418e+00 1.000000000000000000e+00 1.000000000000000000e+00
4.384384384384384603e+00 1.000000000000000000e+00 1.000000000000000000e+00
4.396396396396396788e+00 1.000000000000000000e+00 1.000000000000000000e+00
4.408408408408408086e+00 1.000000000000000000e+00 1.000000000000000000e+00
4.420420420420420271e+00 1.000000000000000000e+00 1.000000000000000000e+00
4.432432432432432456e+00 1.000000000000000000e+00 1.000000000000000000e+00
4.444444444444444642e+00 1.000000000000000000e+00 1.000000000000000000e+00
4.456456456456456827e+00 1.000000000000000000e+00 1.000000000000000000e+00
4.468468468468468124e+00 1.000000000000000000e+00 1.000000000000000000e+00
4.480480480480480310e+00 1.000000000000000000e+00 1.000000000000000000e+00
4.492492492492492495e+00 1.000000000000000000e+00 1.000000000000000000e+00
4.504504504504504681e+00 1.000000000000000000e+00 1.000000000000000000e+00
4.516516516516516866e+00 1.000000000000000000e+00 1.000000000000000000e+00
4.528528528528528163e+00 1.000000000000000000e+00 1.000000000000000000e+00
4.540540540540540349e+00 1.000000000000000000e+00 1.000000000000000000e+00
4.552552552552552534e+00 1.000000000000000000e+00 1.000000000000000000e+00
4.564564564564564719e+00 1.000000000000000000e+00 1.000000000000000000e+00
4.576576576576576905e+00 1.000000000000000000e+00 1.000000000000000000e+00
4.588588588588588202e+00 1.000000000000000000e+00 1.000000000000000000e+00
4.600600600600600387e+00 1.000000000000000000e+00 1.000000000000000000e+00
4.612612612612612573e+00 1.000000000000000000e+00 1.000000000000000000e+00
4.624624624624624758e+00 1.000000000000000000e+00 1.000000000000000000e+00
4.636636636636636943e+00 1.000000000000000000e+00 1.000000000000000000e+00
4.648648648648648241e+00 1.000000000000000000e+00 1.000000000000000000e+00
4.660660660660660426e+00 1.000000000000000000e+00 1.000000000000000000e+00
4.672672672672672611e+00 1.000000000000000000e+00 1.000000000000000000e+00
4.684684684684684797e+00 1.000000000000000000e+00 1.000000000000000000e+00
4.696696696696696982e+00 1.000000000000000000e+00 1.000000000000000000e+00
4.708708708708708279e+00 1.000000000000000000e+00 1.000000000000000000e+00
4.720720720720720465e+00 1.000000000000000000e+00 1.000000000000000000e+00
4.732732732732732650e+00 1.000000000000000000e+00 1.000000000000000000e+00
4.744744744744744835e+00 1.000000000000000000e+00 1.000000000000000000e+00
4.756756756756757021e+00 1.000000000000000000e+00 1.000000000000000000e+00
4.768768768768768318e+00 1.000000000000000000e+00 1.000000000000000000e+00
4.780780780780780503e+00 1.000000000000000000e+00 1.000000000000000000e+00
4.792792792792792689e+00 1.000000000000000000e+00 1.000000000000000000e+00
4.804804804804804874e+00 1.000000000000000000e+00 1.000000000000000000e+00
4.816816816816817060e+00 1.000000000000000000e+00 1.000000000000000000e+00
4.828828828828828357e+00 1.000000000000000000e+00 1.000000000000000000e+00
4.840840840840840542e+00 1.000000000000000000e+00 1.000000000000000000e+00
4.852852852852852727e+00 1.000000000000000000e+00 1.000000000000000000e+00
4.864864864864864913e+00 1.000000000000000000e+00 1.000000000000000000e+00
4.876876876876877098e+00 1.000000000000000000e+00 1.000000000000000000e+00
4.888888888888889284e+00 1.000000000000000000e+00 1.000000000000000000e+00
4.900900900900900581e+00 1.000000000000000000e+00 1.000000000000000000e+00
4.912912912912912766e+00 1.000000000000000000e+00 1.000000000000000000e+00
4.924924924924924952e+00 1.000000000000000000e+00 1.000000000000000000e+00
4.936936936936937137e+00 1.000000000000000000e+00 1.000000000000000000e+00
4.948948948948949322e+00 1.000000000000000000e+00 1.000000000000000000e+00
4.960960960960960620e+00 1.000000000000000000e+00 1.000000000000000000e+00
4.972972972972972805e+00 1.000000000000000000e+00 1.000000000000000000e+00
4.984984984984984990e+00 1.000000000000000000e+00 1.000000000000000000e+00
4.996996996996997176e+00 1.000000000000000000e+00 1.000000000000000000e+00
5.009009009009009361e+00 1.000000000000000000e+00 1.000000000000000000e+00
5.021021021021020658e+00 1.000000000000000000e+00 1.000000000000000000e+00
5.033033033033032844e+00 1.000000000000000000e+00 1.000000000000000000e+00
5.045045045045045029e+00 1.000000000000000000e+00 1.000000000000000000e+00
5.057057057057057214e+00 1.000000000000000000e+00 1.000000000000000000e+00
5.069069069069069400e+00 1.000000000000000000e+00 1.000000000000000000e+00
5.081081081081080697e+00 1.000000000000000000e+00 1.000000000000000000e+00
5.093093093093092882e+00 1.000000000000000000e+00 1.000000000000000000e+00
5.105105105105105068e+00 1.000000000000000000e+00 1.000000000000000000e+00
5.117117117117117253e+00 1.000000000000000000e+00 1.000000000000000000e+00
5.129129129129129439e+00 1.000000000000000000e+00 1.000000000000000000e+00
5.141141141141140736e+00 1.000000000000000000e+00 1.000000000000000000e+00
5.153153153153152921e+00 1.000000000000000000e+00 1.000000000000000000e+00
5.165165165165165106e+00 1.000000000000000000e+00 1.000000000000000000e+00
5.177177177177177292e+00 1.000000000000000000e+00 1.000000000000000000e+00
5.189189189189189477e+00 1.000000000000000000e+00 1.000000000000000000e+00
5.201201201201200774e+00 1.000000000000000000e+00 1.000000000000000000e+00
5.213213213213212960e+00 1.000000000000000000e+00 1.000000000000000000e+00
5.225225225225225145e+00 1.000000000000000000e+00 1.000000000000000000e+00
5.237237237237237331e+00 1.000000000000000000e+00 1.000000000000000000e+00
5.249249249249249516e+00 1.000000000000000000e+00 1.000000000000000000e+00
5.261261261261260813e+00 1.000000000000000000e+00 1.000000000000000000e+00
5.273273273273272999e+00 1.000000000000000000e+00 1.000000000000000000e+00
5.285285285285285184e+00 1.000000000000000000e+00 1.000000000000000000e+00
5.297297297297297369e+00 1.000000000000000000e+00 1.000000000000000000e+00
5.309309309309309555e+00 1.000000000000000000e+00 1.000000000000000000e+00
5.321321321321320852e+00 1.000000000000000000e+00 1.000000000000000000e+00
5.333333333333333037e+00 1.000000000000000000e+00 1.000000000000000000e+00
5.345345345345345223e+00 1.000000000000000000e+00 1.000000000000000000e+00
5.357357357357357408e+00 1.000000000000000000e+00 1.000000000000000000e+00
5.369369369369369593e+00 1.000000000000000000e+00 1.000000000000000000e+00
5.381381381381380891e+00 1.000000000000000000e+00 1.000000000000000000e+00
5.393393393393393076e+00 1.000000000000000000e+00 1.000000000000000000e+00
5.405405405405405261e+00 1.000000000000000000e+00 1.000000000000000000e+00
5.417417417417417447e+00 1.000000000000000000e+00 1.000000000000000000e+00
5.429429429429429632e+00 1.000000000000000000e+00 1.000000000000000000e+00
5.441441441441441818e+00 1.000000000000000000e+00 1.000000000000000000e+00
5.453453453453453115e+00 1.000000000000000000e+00 1.000000000000000000e+00
5.465465465465465300e+00 1.000000000000000000e+00 1.000000000000000000e+00
5.477477477477477485e+00 1.000000000000000000e+00 1.000000000000000000e+00
5.489489489489489671e+00 1.000000000000000000e+00 1.000000000000000000e+00
5.501501501501501856e+00 1.000000000000000000e+00 1.000000000000000000e+00
5.513513513513513153e+00 1.000000000000000000e+00 1.000000000000000000e+00
5.525525525525525339e+00 1.000000000000000000e+00 1.000000000000000000e+00
5.537537537537537524e+00 1.000000000000000000e+00 1.000000000000000000e+00
5.549549549549549710e+00 1.000000000000000000e+00 1.000000000000000000e+00
5.561561561561561895e+00 1.000000000000000000e+00 1.000000000000000000e+00
5.573573573573573192e+00 1.000000000000000000e+00 1.000000000000000000e+00
5.585585585585585378e+00 1.000000000000000000e+00 1.000000000000000000e+00
5.597597597597597563e+00 1.000000000000000000e+00 1.000000000000000000e+00
5.609609609609609748e+00 1.000000000000000000e+00 1.000000000000000000e+00
5.621621621621621934e+00 1.000000000000000000e+00 1.000000000000000000e+00
5.633633633633633231e+00 1.000000000000000000e+00 1.000000000000000000e+00
5.645645645645645416e+00 1.000000000000000000e+00 1.000000000000000000e+00
5.657657657657657602e+00 1.000000000000000000e+00 1.000000000000000000e+00
5.669669669669669787e+00 1.000000000000000000e+00 1.000000000000000000e+00
5.681681681681681972e+00 1.000000000000000000e+00 1.000000000000000000e+00
5.693693693693693270e+00 1.000000000000000000e+00 1.000000000000000000e+00
5.705705705705705455e+00 1.000000000000000000e+00 1.000000000000000000e+00
5.717717717717717640e+00 1.000000000000000000e+00 1.000000000000000000e+00
5.729729729729729826e+00 1.000000000000000000e+00 1.000000000000000000e+00
5.741741741741742011e+00 1.000000000000000000e+00 1.000000000000000000e+00
5.753753753753753308e+00 1.000000000000000000e+00 1.000000000000000000e+00
5.765765765765765494e+00 1.000000000000000000e+00 1.000000000000000000e+00
5.777777777777777679e+00 1.000000000000000000e+00 1.000000000000000000e+00
5.789789789789789864e+00 1.000000000000000000e+00 1.000000000000000000e+00
5.801801801801802050e+00 1.000000000000000000e+00 1.000000000000000000e+00
5.813813813813813347e+00 1.000000000000000000e+00 1.000000000000000000e+00
5.825825825825825532e+00 1.000000000000000000e+00 1.000000000000000000e+00
5.837837837837837718e+00 1.000000000000000000e+00 1.000000000000000000e+00
5.849849849849849903e+00 1.000000000000000000e+00 1.000000000000000000e+00
5.861861861861862089e+00 1.000000000000000000e+00 1.000000000000000000e+00
5.873873873873873386e+00 1.000000000000000000e+00 1.000000000000000000e+00
5.885885885885885571e+00 1.000000000000000000e+00 1.000000000000000000e+00
5.897897897897897757e+00 1.000000000000000000e+00 1.000000000000000000e+00
5.909909909909909942e+00 1.000000000000000000e+00 1.000000000000000000e+00
5.921921921921922127e+00 1.000000000000000000e+00 1.000000000000000000e+00
5.933933933933934313e+00 1.000000000000000000e+00 1.000000000000000000e+00
5.945945945945945610e+00 1.000000000000000000e+00 1.000000000000000000e+00
5.957957957957957795e+00 1.000000000000000000e+00 1.000000000000000000e+00
5.969969969969969981e+00 1.000000000000000000e+00 1.000000000000000000e+00
5.981981981981982166e+00 1.000000000000000000e+00 1.000000000000000000e+00
5.993993993993994351e+00 1.000000000000000000e+00 1.000000000000000000e+00
6.006006006006005649e+00 1.000000000000000000e+00 1.000000000000000000e+00
6.018018018018017834e+00 1.000000000000000000e+00 1.000000000000000000e+00
6.030030030030030019e+00 1.000000000000000000e+00 1.000000000000000000e+00
6.042042042042042205e+00 1.000000000000000000e+00 1.000000000000000000e+00
6.054054054054054390e+00 1.000000000000000000e+00 1.000000000000000000e+00
6.066066066066065687e+00 1.000000000000000000e+00 1.000000000000000000e+00
6.078078078078077873e+00 1.000000000000000000e+00 1.000000000000000000e+00
6.090090090090090058e+00 1.000000000000000000e+00 1.000000000000000000e+00
6.102102102102102243e+00 1.000000000000000000e+00 1.000000000000000000e+00
6.114114114114114429e+00 1.000000000000000000e+00 1.000000000000000000e+00
6.126126126126125726e+00 1.000000000000000000e+00 1.000000000000000000e+00
6.138138138138137911e+00 1.000000000000000000e+00 1.000000000000000000e+00
6.150150150150150097e+00 1.000000000000000000e+00 1.000000000000000000e+00
6.162162162162162282e+00 1.000000000000000000e+00 1.000000000000000000e+00
6.174174174174174468e+00 1.000000000000000000e+00 1.000000000000000000e+00
6.186186186186185765e+00 1.000000000000000000e+00 1.000000000000000000e+00
6.198198198198197950e+00 1.000000000000000000e+00 1.000000000000000000e+00
6.210210210210210136e+00 1.000000000000000000e+00 1.000000000000000000e+00
6.222222222222222321e+00 1.000000000000000000e+00 1.000000000000000000e+00
6.234234234234234506e+00 1.000000000000000000e+00 1.000000000000000000e+00
6.246246246246245803e+00 1.000000000000000000e+00 1.000000000000000000e+00
6.258258258258257989e+00 1.000000000000000000e+00 1.000000000000000000e+00
6.270270270270270174e+00 1.000000000000000000e+00 1.000000000000000000e+00
6.282282282282282360e+00 1.000000000000000000e+00 1.000000000000000000e+00
6.294294294294294545e+00 1.000000000000000000e+00 1.000000000000000000e+00
6.306306306306305842e+00 1.000000000000000000e+00 1.000000000000000000e+00
6.318318318318318028e+00 1.000000000000000000e+00 1.000000000000000000e+00
6.330330330330330213e+00 1.000000000000000000e+00 1.000000000000000000e+00
6.342342342342342398e+00 1.000000000000000000e+00 1.000000000000000000e+00
6.354354354354354584e+00 1.000000000000000000e+00 1.000000000000000000e+00
6.366366366366365881e+00 1.000000000000000000e+00 1.000000000000000000e+00
6.378378378378378066e+00 1.000000000000000000e+00 1.000000000000000000e+00
6.390390390390390252e+00 1.000000000000000000e+00 1.000000000000000000e+00
6.402402402402402437e+00 1.000000000000000000e+00 1.000000000000000000e+00
6.414414414414414622e+00 1.000000000000000000e+00 1.000000000000000000e+00
6.426426426426426808e+00 1.000000000000000000e+00 1.000000000000000000e+00
6.438438438438438105e+00 1.000000000000000000e+00 1.000000000000000000e+00
6.450450450450450290e+00 1.000000000000000000e+00 1.000000000000000000e+00
6.462462462462462476e+00 1.000000000000000000e+00 1.000000000000000000e+00
6.474474474474474661e+00 1.000000000000000000e+00 1.000000000000000000e+00
6.486486486486486847e+00 1.000000000000000000e+00 1.000000000000000000e+00
6.498498498498498144e+00 1.000000000000000000e+00 1.000000000000000000e+00
6.510510510510510329e+00 1.000000000000000000e+00 1.000000000000000000e+00
6.522522522522522515e+00 1.000000000000000000e+00 1.000000000000000000e+00
6.534534534534534700e+00 1.000000000000000000e+00 1.000000000000000000e+00
6.546546546546546885e+00 1.000000000000000000e+00 1.000000000000000000e+00
6.558558558558558182e+00 1.000000000000000000e+00 1.000000000000000000e+00
6.570570570570570368e+00 1.000000000000000000e+00 1.000000000000000000e+00
6.582582582582582553e+00 1.000000000000000000e+00 1.000000000000000000e+00
6.594594594594594739e+00 1.000000000000000000e+00 1.000000000000000000e+00
6.606606606606606924e+00 1.000000000000000000e+00 1.000000000000000000e+00
6.618618618618618221e+00 1.000000000000000000e+00 1.000000000000000000e+00
6.630630630630630407e+00 1.000000000000000000e+00 1.000000000000000000e+00
6.642642642642642592e+00 1.000000000000000000e+00 1.000000000000000000e+00
6.654654654654654777e+00 1.000000000000000000e+00 1.000000000000000000e+00
6.666666666666666963e+00 1.000000000000000000e+00 1.000000000000000000e+00
6.678678678678678260e+00 1.000000000000000000e+00 1.000000000000000000e+00
6.690690690690690445e+00 1.000000000000000000e+00 1.000000000000000000e+00
6.702702702702702631e+00 1.000000000000000000e+00 1.000000000000000000e+00
6.714714714714714816e+00 1.000000000000000000e+00 1.000000000000000000e+00
6.726726726726727001e+00 1.000000000000000000e+00 1.000000000000000000e+00
6.738738738738738299e+00 1.000000000000000000e+00 1.000000000000000000e+00
6.750750750750750484e+00 1.000000000000000000e+00 1.000000000000000000e+00
6.762762762762762669e+00 1.000000000000000000e+00 1.000000000000000000e+00
6.774774774774774855e+00 1.000000000000000000e+00 1.000000000000000000e+00
6.786786786786787040e+00 1.000000000000000000e+00 1.000000000000000000e+00
6.798798798798798337e+00 1.000000000000000000e+00 1.000000000000000000e+00
6.810810810810810523e+00 1.000000000000000000e+00 1.000000000000000000e+00
6.822822822822822708e+00 1.000000000000000000e+00 1.000000000000000000e+00
6.834834834834834894e+00 1.000000000000000000e+00 1.000000000000000000e+00
6.846846846846847079e+00 1.000000000000000000e+00 1.000000000000000000e+00
6.858858858858858376e+00 1.000000000000000000e+00 1.000000000000000000e+00
6.870870870870870561e+00 1.000000000000000000e+00 1.000000000000000000e+00
6.882882882882882747e+00 1.000000000000000000e+00 1.000000000000000000e+00
6.894894894894894932e+00 1.000000000000000000e+00 1.000000000000000000e+00
6.906906906906907118e+00 1.000000000000000000e+00 1.000000000000000000e+00
6.918918918918919303e+00 1.000000000000000000e+00 1.000000000000000000e+00
6.930930930930930600e+00 1.000000000000000000e+00 1.000000000000000000e+00
6.942942942942942786e+00 1.000000000000000000e+00 1.000000000000000000e+00
6.954954954954954971e+00 1.000000000000000000e+00 1.000000000000000000e+00
6.966966966966967156e+00 1.000000000000000000e+00 1.000000000000000000e+00
6.978978978978979342e+00 1.000000000000000000e+00 1.000000000000000000e+00
6.990990990990990639e+00 1.000000000000000000e+00 1.000000000000000000e+00
7.003003003003002824e+00 1.000000000000000000e+00 1.000000000000000000e+00
7.015015015015015010e+00 1.000000000000000000e+00 1.000000000000000000e+00
7.027027027027027195e+00 1.000000000000000000e+00 1.000000000000000000e+00
7.039039039039039380e+00 1.000000000000000000e+00 1.000000000000000000e+00
7.051051051051050678e+00 1.000000000000000000e+00 1.000000000000000000e+00
7.063063063063062863e+00 1.000000000000000000e+00 1.000000000000000000e+00
7.075075075075075048e+00 1.000000000000000000e+00 1.000000000000000000e+00
7.087087087087087234e+00 1.000000000000000000e+00 1.000000000000000000e+00
7.099099099099099419e+00 1.000000000000000000e+00 1.000000000000000000e+00
7.111111111111110716e+00 1.000000000000000000e+00 1.000000000000000000e+00
7.123123123123122902e+00 1.000000000000000000e+00 1.000000000000000000e+00
7.135135135135135087e+00 1.000000000000000000e+00 1.000000000000000000e+00
7.147147147147147273e+00 1.000000000000000000e+00 1.000000000000000000e+00
7.159159159159159458e+00 1.000000000000000000e+00 1.000000000000000000e+00
7.171171171171170755e+00 1.000000000000000000e+00 1.000000000000000000e+00
7.183183183183182940e+00 1.000000000000000000e+00 1.000000000000000000e+00
7.195195195195195126e+00 1.000000000000000000e+00 1.000000000000000000e+00
7.207207207207207311e+00 1.000000000000000000e+00 1.000000000000000000e+00
7.219219219219219497e+00 1.000000000000000000e+00 1.000000000000000000e+00
7.231231231231230794e+00 1.000000000000000000e+00 1.000000000000000000e+00
7.243243243243242979e+00 1.000000000000000000e+00 1.000000000000000000e+00
7.255255255255255165e+00 1.000000000000000000e+00 1.000000000000000000e+00
7.267267267267267350e+00 1.000000000000000000e+00 1.000000000000000000e+00
7.279279279279279535e+00 1.000000000000000000e+00 1.000000000000000000e+00
7.291291291291290833e+00 1.000000000000000000e+00 1.000000000000000000e+00
7.303303303303303018e+00 1.000000000000000000e+00 1.000000000000000000e+00
7.315315315315315203e+00 1.000000000000000000e+00 1.000000000000000000e+00
7.327327327327327389e+00 1.000000000000000000e+00 1.000000000000000000e+00
7.339339339339339574e+00 1.000000000000000000e+00 1.000000000000000000e+00
7.351351351351350871e+00 1.000000000000000000e+00 1.000000000000000000e+00
7.363363363363363057e+00 1.000000000000000000e+00 1.000000000000000000e+00
7.375375375375375242e+00 1.000000000000000000e+00 1.000000000000000000e+00
7.387387387387387427e+00 1.000000000000000000e+00 1.000000000000000000e+00
7.399399399399399613e+00 1.000000000000000000e+00 1.000000000000000000e+00
7.411411411411410910e+00 1.000000000000000000e+00 1.000000000000000000e+00
7.423423423423423095e+00 1.000000000000000000e+00 1.000000000000000000e+00
7.435435435435435281e+00 1.000000000000000000e+00 1.000000000000000000e+00
7.447447447447447466e+00 1.000000000000000000e+00 1.000000000000000000e+00
7.459459459459459651e+00 1.000000000000000000e+00 1.000000000000000000e+00
7.471471471471471837e+00 1.000000000000000000e+00 1.000000000000000000e+00
7.483483483483483134e+00 1.000000000000000000e+00 1.000000000000000000e+00
7.495495495495495319e+00 1.000000000000000000e+00 1.000000000000000000e+00
7.507507507507507505e+00 1.000000000000000000e+00 1.000000000000000000e+00
7.519519519519519690e+00 1.000000000000000000e+00 1.000000000000000000e+00
7.531531531531531876e+00 1.000000000000000000e+00 1.000000000000000000e+00
7.543543543543543173e+00 1.000000000000000000e+00 1.000000000000000000e+00
7.555555555555555358e+00 1.000000000000000000e+00 1.000000000000000000e+00
7.567567567567567544e+00 1.000000000000000000e+00 1.000000000000000000e+00
7.579579579579579729e+00 1.000000000000000000e+00 1.000000000000000000e+00
7.591591591591591914e+00 1.000000000000000000e+00 1.000000000000000000e+00
7.603603603603603212e+00 1.000000000000000000e+00 1.000000000000000000e+00
7.615615615615615397e+00 1.000000000000000000e+00 1.000000000000000000e+00
7.627627627627627582e+00 1.000000000000000000e+00 1.000000000000000000e+00
7.639639639639639768e+00 1.000000000000000000e+00 1.000000000000000000e+00
7.651651651651651953e+00 1.000000000000000000e+00 1.000000000000000000e+00
7.663663663663663250e+00 1.000000000000000000e+00 1.000000000000000000e+00
7.675675675675675436e+00 1.000000000000000000e+00 1.000000000000000000e+00
7.687687687687687621e+00 1.000000000000000000e+00 1.000000000000000000e+00
7.699699699699699806e+00 1.000000000000000000e+00 1.000000000000000000e+00
7.711711711711711992e+00 1.000000000000000000e+00 1.000000000000000000e+00
7.723723723723723289e+00 1.000000000000000000e+00 1.000000000000000000e+00
7.735735735735735474e+00 1.000000000000000000e+00 1.000000000000000000e+00
7.747747747747747660e+00 1.000000000000000000e+00 1.000000000000000000e+00
7.759759759759759845e+00 1.000000000000000000e+00 1.000000000000000000e+00
7.771771771771772030e+00 1.000000000000000000e+00 1.000000000000000000e+00
7.783783783783783328e+00 1.000000000000000000e+00 1.000000000000000000e+00
7.795795795795795513e+00 1.000000000000000000e+00 1.000000000000000000e+00
7.807807807807807698e+00 1.000000000000000000e+00 1.000000000000000000e+00
7.819819819819819884e+00 1.000000000000000000e+00 1.000000000000000000e+00
7.831831831831832069e+00 1.000000000000000000e+00 1.000000000000000000e+00
7.843843843843843366e+00 1.000000000000000000e+00 1.000000000000000000e+00
7.855855855855855552e+00 1.000000000000000000e+00 1.000000000000000000e+00
7.867867867867867737e+00 1.000000000000000000e+00 1.000000000000000000e+00
7.879879879879879923e+00 1.000000000000000000e+00 1.000000000000000000e+00
7.891891891891892108e+00 1.000000000000000000e+00 1.000000000000000000e+00
7.903903903903903405e+00 1.000000000000000000e+00 1.000000000000000000e+00
7.915915915915915591e+00 1.000000000000000000e+00 1.000000000000000000e+00
7.927927927927927776e+00 1.000000000000000000e+00 1.000000000000000000e+00
7.939939939939939961e+00 1.000000000000000000e+00 1.000000000000000000e+00
7.951951951951952147e+00 1.000000000000000000e+00 1.000000000000000000e+00
7.963963963963964332e+00 1.000000000000000000e+00 1.000000000000000000e+00
7.975975975975975629e+00 1.000000000000000000e+00 1.000000000000000000e+00
7.987987987987987815e+00 1.000000000000000000e+00 1.000000000000000000e+00
8.000000000000000000e+00 1.000000000000000000e+00 1.000000000000000000e+00
8.012012012012011297e+00 1.000000000000000000e+00 1.000000000000000000e+00
8.024024024024024371e+00 1.000000000000000000e+00 1.000000000000000000e+00
8.036036036036035668e+00 1.000000000000000000e+00 1.000000000000000000e+00
8.048048048048048742e+00 1.000000000000000000e+00 1.000000000000000000e+00
8.060060060060060039e+00 1.000000000000000000e+00 1.000000000000000000e+00
8.072072072072071336e+00 1.000000000000000000e+00 1.000000000000000000e+00
8.084084084084084409e+00 1.000000000000000000e+00 1.000000000000000000e+00
8.096096096096095707e+00 1.000000000000000000e+00 1.000000000000000000e+00
8.108108108108108780e+00 1.000000000000000000e+00 1.000000000000000000e+00
8.120120120120120077e+00 1.000000000000000000e+00 1.000000000000000000e+00
8.132132132132131375e+00 1.000000000000000000e+00 1.000000000000000000e+00
8.144144144144144448e+00 1.000000000000000000e+00 1.000000000000000000e+00
8.156156156156155745e+00 1.000000000000000000e+00 1.000000000000000000e+00
8.168168168168168819e+00 1.000000000000000000e+00 1.000000000000000000e+00
8.180180180180180116e+00 1.000000000000000000e+00 1.000000000000000000e+00
8.192192192192191413e+00 1.000000000000000000e+00 1.000000000000000000e+00
8.204204204204204487e+00 1.000000000000000000e+00 1.000000000000000000e+00
8.216216216216215784e+00 1.000000000000000000e+00 1.000000000000000000e+00
8.228228228228228858e+00 1.000000000000000000e+00 1.000000000000000000e+00
8.240240240240240155e+00 1.000000000000000000e+00 1.000000000000000000e+00
8.252252252252251452e+00 1.000000000000000000e+00 1.000000000000000000e+00
8.264264264264264526e+00 1.000000000000000000e+00 1.000000000000000000e+00
8.276276276276275823e+00 1.000000000000000000e+00 1.000000000000000000e+00
8.288288288288288896e+00 1.000000000000000000e+00 1.000000000000000000e+00
8.300300300300300194e+00 1.000000000000000000e+00 1.000000000000000000e+00
8.312312312312311491e+00 1.000000000000000000e+00 1.000000000000000000e+00
8.324324324324324564e+00 1.000000000000000000e+00 1.000000000000000000e+00
8.336336336336335862e+00 1.000000000000000000e+00 1.000000000000000000e+00
8.348348348348348935e+00 1.000000000000000000e+00 1.000000000000000000e+00
8.360360360360360232e+00 1.000000000000000000e+00 1.000000000000000000e+00
8.372372372372371530e+00 1.000000000000000000e+00 1.000000000000000000e+00
8.384384384384384603e+00 1.000000000000000000e+00 1.000000000000000000e+00
8.396396396396395900e+00 1.000000000000000000e+00 1.000000000000000000e+00
8.408408408408408974e+00 1.000000000000000000e+00 1.000000000000000000e+00
8.420420420420420271e+00 1.000000000000000000e+00 1.000000000000000000e+00
8.432432432432431568e+00 1.000000000000000000e+00 1.000000000000000000e+00
8.444444444444444642e+00 1.000000000000000000e+00 1.000000000000000000e+00
8.456456456456455939e+00 1.000000000000000000e+00 1.000000000000000000e+00
8.468468468468469013e+00 1.000000000000000000e+00 1.000000000000000000e+00
8.480480480480480310e+00 1.000000000000000000e+00 1.000000000000000000e+00
8.492492492492491607e+00 1.000000000000000000e+00 1.000000000000000000e+00
8.504504504504504681e+00 1.000000000000000000e+00 1.000000000000000000e+00
8.516516516516515978e+00 1.000000000000000000e+00 1.000000000000000000e+00
8.528528528528529051e+00 1.000000000000000000e+00 1.000000000000000000e+00
8.540540540540540349e+00 1.000000000000000000e+00 1.000000000000000000e+00
8.552552552552551646e+00 1.000000000000000000e+00 1.000000000000000000e+00
8.564564564564564719e+00 1.000000000000000000e+00 1.000000000000000000e+00
8.576576576576576016e+00 1.000000000000000000e+00 1.000000000000000000e+00
8.588588588588589090e+00 1.000000000000000000e+00 1.000000000000000000e+00
8.600600600600600387e+00 1.000000000000000000e+00 1.000000000000000000e+00
8.612612612612611684e+00 1.000000000000000000e+00 1.000000000000000000e+00
8.624624624624624758e+00 1.000000000000000000e+00 1.000000000000000000e+00
8.636636636636636055e+00 1.000000000000000000e+00 1.000000000000000000e+00
8.648648648648649129e+00 1.000000000000000000e+00 1.000000000000000000e+00
8.660660660660660426e+00 1.000000000000000000e+00 1.000000000000000000e+00
8.672672672672671723e+00 1.000000000000000000e+00 1.000000000000000000e+00
8.684684684684684797e+00 1.000000000000000000e+00 1.000000000000000000e+00
8.696696696696696094e+00 1.000000000000000000e+00 1.000000000000000000e+00
8.708708708708709167e+00 1.000000000000000000e+00 1.000000000000000000e+00
8.720720720720720465e+00 1.000000000000000000e+00 1.000000000000000000e+00
8.732732732732733538e+00 1.000000000000000000e+00 1.000000000000000000e+00
8.744744744744744835e+00 1.000000000000000000e+00 1.000000000000000000e+00
8.756756756756756133e+00 1.000000000000000000e+00 1.000000000000000000e+00
8.768768768768769206e+00 1.000000000000000000e+00 1.000000000000000000e+00
8.780780780780780503e+00 1.000000000000000000e+00 1.000000000000000000e+00
8.792792792792793577e+00 1.000000000000000000e+00 1.000000000000000000e+00
8.804804804804804874e+00 1.000000000000000000e+00 1.000000000000000000e+00
8.816816816816816171e+00 1.000000000000000000e+00 1.000000000000000000e+00
8.828828828828829245e+00 1.000000000000000000e+00 1.000000000000000000e+00
8.840840840840840542e+00 1.000000000000000000e+00 1.000000000000000000e+00
8.852852852852853616e+00 1.000000000000000000e+00 1.000000000000000000e+00
8.864864864864864913e+00 1.000000000000000000e+00 1.000000000000000000e+00
8.876876876876876210e+00 1.000000000000000000e+00 1.000000000000000000e+00
8.888888888888889284e+00 1.000000000000000000e+00 1.000000000000000000e+00
8.900900900900900581e+00 1.000000000000000000e+00 1.000000000000000000e+00
8.912912912912913654e+00 1.000000000000000000e+00 1.000000000000000000e+00
8.924924924924924952e+00 1.000000000000000000e+00 1.000000000000000000e+00
8.936936936936936249e+00 1.000000000000000000e+00 1.000000000000000000e+00
8.948948948948949322e+00 1.000000000000000000e+00 1.000000000000000000e+00
8.960960960960960620e+00 1.000000000000000000e+00 1.000000000000000000e+00
8.972972972972973693e+00 1.000000000000000000e+00 1.000000000000000000e+00
8.984984984984984990e+00 1.000000000000000000e+00 1.000000000000000000e+00
8.996996996996996288e+00 1.000000000000000000e+00 1.000000000000000000e+00
9.009009009009009361e+00 1.000000000000000000e+00 1.000000000000000000e+00
9.021021021021020658e+00 1.000000000000000000e+00 1.000000000000000000e+00
9.033033033033033732e+00 1.000000000000000000e+00 1.000000000000000000e+00
9.045045045045045029e+00 1.000000000000000000e+00 1.000000000000000000e+00
9.057057057057056326e+00 1.000000000000000000e+00 1.000000000000000000e+00
9.069069069069069400e+00 1.000000000000000000e+00 1.000000000000000000e+00
9.081081081081080697e+00 1.000000000000000000e+00 1.000000000000000000e+00
9.093093093093093771e+00 1.000000000000000000e+00 1.000000000000000000e+00
9.105105105105105068e+00 1.000000000000000000e+00 1.000000000000000000e+00
9.117117117117116365e+00 1.000000000000000000e+00 1.000000000000000000e+00
9.129129129129129439e+00 1.000000000000000000e+00 1.000000000000000000e+00
9.141141141141140736e+00 1.000000000000000000e+00 1.000000000000000000e+00
9.153153153153153809e+00 1.000000000000000000e+00 1.000000000000000000e+00
9.165165165165165106e+00 1.000000000000000000e+00 1.000000000000000000e+00
9.177177177177176404e+00 1.000000000000000000e+00 1.000000000000000000e+00
9.189189189189189477e+00 1.000000000000000000e+00 1.000000000000000000e+00
9.201201201201200774e+00 1.000000000000000000e+00 1.000000000000000000e+00
9.213213213213213848e+00 1.000000000000000000e+00 1.000000000000000000e+00
9.225225225225225145e+00 1.000000000000000000e+00 1.000000000000000000e+00
9.237237237237236442e+00 1.000000000000000000e+00 1.000000000000000000e+00
9.249249249249249516e+00 1.000000000000000000e+00 1.000000000000000000e+00
9.261261261261260813e+00 1.000000000000000000e+00 1.000000000000000000e+00
9.273273273273273887e+00 1.000000000000000000e+00 1.000000000000000000e+00
9.285285285285285184e+00 1.000000000000000000e+00 1.000000000000000000e+00
9.297297297297296481e+00 1.000000000000000000e+00 1.000000000000000000e+00
9.309309309309309555e+00 1.000000000000000000e+00 1.000000000000000000e+00
9.321321321321320852e+00 1.000000000000000000e+00 1.000000000000000000e+00
9.333333333333333925e+00 1.000000000000000000e+00 1.000000000000000000e+00
9.345345345345345223e+00 1.000000000000000000e+00 1.000000000000000000e+00
9.357357357357356520e+00 1.000000000000000000e+00 1.000000000000000000e+00
9.369369369369369593e+00 1.000000000000000000e+00 1.000000000000000000e+00
9.381381381381380891e+00 1.000000000000000000e+00 1.000000000000000000e+00
9.393393393393393964e+00 1.000000000000000000e+00 1.000000000000000000e+00
9.405405405405405261e+00 1.000000000000000000e+00 1.000000000000000000e+00
9.417417417417416559e+00 1.000000000000000000e+00 1.000000000000000000e+00
9.429429429429429632e+00 1.000000000000000000e+00 1.000000000000000000e+00
9.441441441441440929e+00 1.000000000000000000e+00 1.000000000000000000e+00
9.453453453453454003e+00 1.000000000000000000e+00 1.000000000000000000e+00
9.465465465465465300e+00 1.000000000000000000e+00 1.000000000000000000e+00
9.477477477477476597e+00 1.000000000000000000e+00 1.000000000000000000e+00
9.489489489489489671e+00 1.000000000000000000e+00 1.000000000000000000e+00
9.501501501501500968e+00 1.000000000000000000e+00 1.000000000000000000e+00
9.513513513513514042e+00 1.000000000000000000e+00 1.000000000000000000e+00
9.525525525525525339e+00 1.000000000000000000e+00 1.000000000000000000e+00
9.537537537537536636e+00 1.000000000000000000e+00 1.000000000000000000e+00
9.549549549549549710e+00 1.000000000000000000e+00 1.000000000000000000e+00
9.561561561561561007e+00 1.000000000000000000e+00 1.000000000000000000e+00
9.573573573573574080e+00 1.000000000000000000e+00 1.000000000000000000e+00
9.585585585585585378e+00 1.000000000000000000e+00 1.000000000000000000e+00
9.597597597597596675e+00 1.000000000000000000e+00 1.000000000000000000e+00
9.609609609609609748e+00 1.000000000000000000e+00 1.000000000000000000e+00
9.621621621621621046e+00 1.000000000000000000e+00 1.000000000000000000e+00
9.633633633633634119e+00 1.000000000000000000e+00 1.000000000000000000e+00
9.645645645645645416e+00 1.000000000000000000e+00 1.000000000000000000e+00
9.657657657657656713e+00 1.000000000000000000e+00 1.000000000000000000e+00
9.669669669669669787e+00 1.000000000000000000e+00 1.000000000000000000e+00
9.681681681681681084e+00 1.000000000000000000e+00 1.000000000000000000e+00
9.693693693693694158e+00 1.000000000000000000e+00 1.000000000000000000e+00
9.705705705705705455e+00 1.000000000000000000e+00 1.000000000000000000e+00
9.717717717717716752e+00 1.000000000000000000e+00 1.000000000000000000e+00
9.729729729729729826e+00 1.000000000000000000e+00 1.000000000000000000e+00
9.741741741741741123e+00 1.000000000000000000e+00 1.000000000000000000e+00
9.753753753753754197e+00 1.000000000000000000e+00 1.000000000000000000e+00
9.765765765765765494e+00 1.000000000000000000e+00 1.000000000000000000e+00
9.777777777777778567e+00 1.000000000000000000e+00 1.000000000000000000e+00
9.789789789789789864e+00 1.000000000000000000e+00 1.000000000000000000e+00
9.801801801801801162e+00 1.000000000000000000e+00 1.000000000000000000e+00
9.813813813813814235e+00 1.000000000000000000e+00 1.000000000000000000e+00
9.825825825825825532e+00 1.000000000000000000e+00 1.000000000000000000e+00
9.837837837837838606e+00 1.000000000000000000e+00 1.000000000000000000e+00
9.849849849849849903e+00 1.000000000000000000e+00 1.000000000000000000e+00
9.861861861861861200e+00 1.000000000000000000e+00 1.000000000000000000e+00
9.873873873873874274e+00 1.000000000000000000e+00 1.000000000000000000e+00
9.885885885885885571e+00 1.000000000000000000e+00 1.000000000000000000e+00
9.897897897897898645e+00 1.000000000000000000e+00 1.000000000000000000e+00
9.909909909909909942e+00 1.000000000000000000e+00 1.000000000000000000e+00
9.921921921921921239e+00 1.000000000000000000e+00 1.000000000000000000e+00
9.933933933933934313e+00 1.000000000000000000e+00 1.000000000000000000e+00
9.945945945945945610e+00 1.000000000000000000e+00 1.000000000000000000e+00
9.957957957957958683e+00 1.000000000000000000e+00 1.000000000000000000e+00
9.969969969969969981e+00 1.000000000000000000e+00 1.000000000000000000e+00
9.981981981981981278e+00 1.000000000000000000e+00 1.000000000000000000e+00
9.993993993993994351e+00 1.000000000000000000e+00 1.000000000000000000e+00
1.000600600600600565e+01 1.000000000000000000e+00 1.000000000000000000e+00
1.001801801801801872e+01 1.000000000000000000e+00 1.000000000000000000e+00
1.003003003003003002e+01 1.000000000000000000e+00 1.000000000000000000e+00
1.004204204204204132e+01 1.000000000000000000e+00 1.000000000000000000e+00
1.005405405405405439e+01 1.000000000000000000e+00 1.000000000000000000e+00
1.006606606606606569e+01 1.000000000000000000e+00 1.000000000000000000e+00
1.007807807807807876e+01 1.000000000000000000e+00 1.000000000000000000e+00
1.009009009009009006e+01 1.000000000000000000e+00 1.000000000000000000e+00
1.010210210210210136e+01 1.000000000000000000e+00 1.000000000000000000e+00
1.011411411411411443e+01 1.000000000000000000e+00 1.000000000000000000e+00
1.012612612612612573e+01 1.000000000000000000e+00 1.000000000000000000e+00
1.013813813813813880e+01 1.000000000000000000e+00 1.000000000000000000e+00
1.015015015015015010e+01 1.000000000000000000e+00 1.000000000000000000e+00
1.016216216216216139e+01 1.000000000000000000e+00 1.000000000000000000e+00
1.017417417417417447e+01 1.000000000000000000e+00 1.000000000000000000e+00
1.018618618618618576e+01 1.000000000000000000e+00 1.000000000000000000e+00
1.019819819819819884e+01 1.000000000000000000e+00 1.000000000000000000e+00
1.021021021021021014e+01 1.000000000000000000e+00 1.000000000000000000e+00
1.022222222222222143e+01 1.000000000000000000e+00 1.000000000000000000e+00
1.023423423423423451e+01 1.000000000000000000e+00 1.000000000000000000e+00
1.024624624624624580e+01 1.000000000000000000e+00 1.000000000000000000e+00
1.025825825825825888e+01 1.000000000000000000e+00 1.000000000000000000e+00
1.027027027027027017e+01 1.000000000000000000e+00 1.000000000000000000e+00
1.028228228228228147e+01 1.000000000000000000e+00 1.000000000000000000e+00
1.029429429429429455e+01 1.000000000000000000e+00 1.000000000000000000e+00
1.030630630630630584e+01 1.000000000000000000e+00 1.000000000000000000e+00
1.031831831831831892e+01 1.000000000000000000e+00 1.000000000000000000e+00
1.033033033033033021e+01 1.000000000000000000e+00 1.000000000000000000e+00
1.034234234234234151e+01 1.000000000000000000e+00 1.000000000000000000e+00
1.035435435435435458e+01 1.000000000000000000e+00 1.000000000000000000e+00
1.036636636636636588e+01 1.000000000000000000e+00 1.000000000000000000e+00
1.037837837837837895e+01 1.000000000000000000e+00 1.000000000000000000e+00
1.039039039039039025e+01 1.000000000000000000e+00 1.000000000000000000e+00
1.040240240240240155e+01 1.000000000000000000e+00 1.000000000000000000e+00
1.041441441441441462e+01 1.000000000000000000e+00 1.000000000000000000e+00
1.042642642642642592e+01 1.000000000000000000e+00 1.000000000000000000e+00
1.043843843843843899e+01 1.000000000000000000e+00 1.000000000000000000e+00
1.045045045045045029e+01 1.000000000000000000e+00 1.000000000000000000e+00
1.046246246246246159e+01 1.000000000000000000e+00 1.000000000000000000e+00
1.047447447447447466e+01 1.000000000000000000e+00 1.000000000000000000e+00
1.048648648648648596e+01 1.000000000000000000e+00 1.000000000000000000e+00
1.049849849849849903e+01 1.000000000000000000e+00 1.000000000000000000e+00
1.051051051051051033e+01 1.000000000000000000e+00 1.000000000000000000e+00
1.052252252252252163e+01 1.000000000000000000e+00 1.000000000000000000e+00
1.053453453453453470e+01 1.000000000000000000e+00 1.000000000000000000e+00
1.054654654654654600e+01 1.000000000000000000e+00 1.000000000000000000e+00
1.055855855855855907e+01 1.000000000000000000e+00 1.000000000000000000e+00
1.057057057057057037e+01 1.000000000000000000e+00 1.000000000000000000e+00
1.058258258258258167e+01 1.000000000000000000e+00 1.000000000000000000e+00
1.059459459459459474e+01 1.000000000000000000e+00 1.000000000000000000e+00
1.060660660660660604e+01 1.000000000000000000e+00 1.000000000000000000e+00
1.061861861861861911e+01 1.000000000000000000e+00 1.000000000000000000e+00
1.063063063063063041e+01 1.000000000000000000e+00 1.000000000000000000e+00
1.064264264264264170e+01 1.000000000000000000e+00 1.000000000000000000e+00
1.065465465465465478e+01 1.000000000000000000e+00 1.000000000000000000e+00
1.066666666666666607e+01 1.000000000000000000e+00 1.000000000000000000e+00
1.067867867867867915e+01 1.000000000000000000e+00 1.000000000000000000e+00
1.069069069069069045e+01 1.000000000000000000e+00 1.000000000000000000e+00
1.070270270270270174e+01 1.000000000000000000e+00 1.000000000000000000e+00
1.071471471471471482e+01 1.000000000000000000e+00 1.000000000000000000e+00
1.072672672672672611e+01 1.000000000000000000e+00 1.000000000000000000e+00
1.073873873873873919e+01 1.000000000000000000e+00 1.000000000000000000e+00
1.075075075075075048e+01 1.000000000000000000e+00 1.000000000000000000e+00
1.076276276276276178e+01 1.000000000000000000e+00 1.000000000000000000e+00
1.077477477477477485e+01 1.000000000000000000e+00 1.000000000000000000e+00
1.078678678678678615e+01 1.000000000000000000e+00 1.000000000000000000e+00
1.079879879879879923e+01 1.000000000000000000e+00 1.000000000000000000e+00
1.081081081081081052e+01 1.000000000000000000e+00 1.000000000000000000e+00
1.082282282282282360e+01 1.000000000000000000e+00 1.000000000000000000e+00
1.083483483483483489e+01 1.000000000000000000e+00 1.000000000000000000e+00
1.084684684684684619e+01 1.000000000000000000e+00 1.000000000000000000e+00
1.085885885885885926e+01 1.000000000000000000e+00 1.000000000000000000e+00
1.087087087087087056e+01 1.000000000000000000e+00 1.000000000000000000e+00
1.088288288288288364e+01 1.000000000000000000e+00 1.000000000000000000e+00
1.089489489489489493e+01 1.000000000000000000e+00 1.000000000000000000e+00
1.090690690690690623e+01 1.000000000000000000e+00 1.000000000000000000e+00
1.091891891891891930e+01 1.000000000000000000e+00 1.000000000000000000e+00
1.093093093093093060e+01 1.000000000000000000e+00 1.000000000000000000e+00
1.094294294294294367e+01 1.000000000000000000e+00 1.000000000000000000e+00
1.095495495495495497e+01 1.000000000000000000e+00 1.000000000000000000e+00
1.096696696696696627e+01 1.000000000000000000e+00 1.000000000000000000e+00
1.097897897897897934e+01 1.000000000000000000e+00 1.000000000000000000e+00
1.099099099099099064e+01 1.000000000000000000e+00 1.000000000000000000e+00
1.100300300300300371e+01 1.000000000000000000e+00 1.000000000000000000e+00
1.101501501501501501e+01 1.000000000000000000e+00 1.000000000000000000e+00
1.102702702702702631e+01 1.000000000000000000e+00 1.000000000000000000e+00
1.103903903903903938e+01 1.000000000000000000e+00 1.000000000000000000e+00
1.105105105105105068e+01 1.000000000000000000e+00 1.000000000000000000e+00
1.106306306306306375e+01 1.000000000000000000e+00 1.000000000000000000e+00
1.107507507507507505e+01 1.000000000000000000e+00 1.000000000000000000e+00
1.108708708708708635e+01 1.000000000000000000e+00 1.000000000000000000e+00
1.109909909909909942e+01 1.000000000000000000e+00 1.000000000000000000e+00
1.111111111111111072e+01 1.000000000000000000e+00 1.000000000000000000e+00
1.112312312312312379e+01 1.000000000000000000e+00 1.000000000000000000e+00
1.113513513513513509e+01 1.000000000000000000e+00 1.000000000000000000e+00
1.114714714714714638e+01 1.000000000000000000e+00 1.000000000000000000e+00
1.115915915915915946e+01 1.000000000000000000e+00 1.000000000000000000e+00
1.117117117117117076e+01 1.000000000000000000e+00 1.000000000000000000e+00
1.118318318318318383e+01 1.000000000000000000e+00 1.000000000000000000e+00
1.119519519519519513e+01 1.000000000000000000e+00 1.000000000000000000e+00
1.120720720720720642e+01 1.000000000000000000e+00 1.000000000000000000e+00
1.121921921921921950e+01 1.000000000000000000e+00 1.000000000000000000e+00
1.123123123123123079e+01 1.000000000000000000e+00 1.000000000000000000e+00
1.124324324324324387e+01 1.000000000000000000e+00 1.000000000000000000e+00
1.125525525525525516e+01 1.000000000000000000e+00 1.000000000000000000e+00
1.126726726726726646e+01 1.000000000000000000e+00 1.000000000000000000e+00
1.127927927927927954e+01 1.000000000000000000e+00 1.000000000000000000e+00
1.129129129129129083e+01 1.000000000000000000e+00 1.000000000000000000e+00
1.130330330330330391e+01 1.000000000000000000e+00 1.000000000000000000e+00
1.131531531531531520e+01 1.000000000000000000e+00 1.000000000000000000e+00
1.132732732732732650e+01 1.000000000000000000e+00 1.000000000000000000e+00
1.133933933933933957e+01 1.000000000000000000e+00 1.000000000000000000e+00
1.135135135135135087e+01 1.000000000000000000e+00 1.000000000000000000e+00
1.136336336336336394e+01 1.000000000000000000e+00 1.000000000000000000e+00
1.137537537537537524e+01 1.000000000000000000e+00 1.000000000000000000e+00
1.138738738738738654e+01 1.000000000000000000e+00 1.000000000000000000e+00
1.139939939939939961e+01 1.000000000000000000e+00 1.000000000000000000e+00
1.141141141141141091e+01 1.000000000000000000e+00 1.000000000000000000e+00
1.142342342342342398e+01 1.000000000000000000e+00 1.000000000000000000e+00
1.143543543543543528e+01 1.000000000000000000e+00 1.000000000000000000e+00
1.144744744744744658e+01 1.000000000000000000e+00 1.000000000000000000e+00
1.145945945945945965e+01 1.000000000000000000e+00 1.000000000000000000e+00
1.147147147147147095e+01 1.000000000000000000e+00 1.000000000000000000e+00
1.148348348348348402e+01 1.000000000000000000e+00 1.000000000000000000e+00
1.149549549549549532e+01 1.000000000000000000e+00 1.000000000000000000e+00
1.150750750750750662e+01 1.000000000000000000e+00 1.000000000000000000e+00
1.151951951951951969e+01 1.000000000000000000e+00 1.000000000000000000e+00
1.153153153153153099e+01 1.000000000000000000e+00 1.000000000000000000e+00
1.154354354354354406e+01 1.000000000000000000e+00 1.000000000000000000e+00
1.155555555555555536e+01 1.000000000000000000e+00 1.000000000000000000e+00
1.156756756756756666e+01 1.000000000000000000e+00 1.000000000000000000e+00
1.157957957957957973e+01 1.000000000000000000e+00 1.000000000000000000e+00
1.159159159159159103e+01 1.000000000000000000e+00 1.000000000000000000e+00
1.160360360360360410e+01 1.000000000000000000e+00 1.000000000000000000e+00
1.161561561561561540e+01 1.000000000000000000e+00 1.000000000000000000e+00
1.162762762762762669e+01 1.000000000000000000e+00 1.000000000000000000e+00
1.163963963963963977e+01 1.000000000000000000e+00 1.000000000000000000e+00
1.165165165165165106e+01 1.000000000000000000e+00 1.000000000000000000e+00
1.166366366366366414e+01 1.000000000000000000e+00 1.000000000000000000e+00
1.167567567567567544e+01 1.000000000000000000e+00 1.000000000000000000e+00
1.168768768768768673e+01 1.000000000000000000e+00 1.000000000000000000e+00
1.169969969969969981e+01 1.000000000000000000e+00 1.000000000000000000e+00
1.171171171171171110e+01 1.000000000000000000e+00 1.000000000000000000e+00
1.172372372372372418e+01 1.000000000000000000e+00 1.000000000000000000e+00
1.173573573573573547e+01 1.000000000000000000e+00 1.000000000000000000e+00
1.174774774774774677e+01 1.000000000000000000e+00 1.000000000000000000e+00
1.175975975975975985e+01 1.000000000000000000e+00 1.000000000000000000e+00
1.177177177177177114e+01 1.000000000000000000e+00 1.000000000000000000e+00
1.178378378378378422e+01 1.000000000000000000e+00 1.000000000000000000e+00
1.179579579579579551e+01 1.000000000000000000e+00 1.000000000000000000e+00
1.180780780780780859e+01 1.000000000000000000e+00 1.000000000000000000e+00
1.181981981981981988e+01 1.000000000000000000e+00 1.000000000000000000e+00
1.183183183183183118e+01 1.000000000000000000e+00 1.000000000000000000e+00
1.184384384384384425e+01 1.000000000000000000e+00 1.000000000000000000e+00
1.185585585585585555e+01 1.000000000000000000e+00 1.000000000000000000e+00
1.186786786786786863e+01 1.000000000000000000e+00 1.000000000000000000e+00
1.187987987987987992e+01 1.000000000000000000e+00 1.000000000000000000e+00
1.189189189189189122e+01 1.000000000000000000e+00 1.000000000000000000e+00
1.190390390390390429e+01 1.000000000000000000e+00 1.000000000000000000e+00
1.191591591591591559e+01 1.000000000000000000e+00 1.000000000000000000e+00
1.192792792792792866e+01 1.000000000000000000e+00 1.000000000000000000e+00
1.193993993993993996e+01 1.000000000000000000e+00 1.000000000000000000e+00
1.195195195195195126e+01 1.000000000000000000e+00 1.000000000000000000e+00
1.196396396396396433e+01 1.000000000000000000e+00 1.000000000000000000e+00
1.197597597597597563e+01 1.000000000000000000e+00 1.000000000000000000e+00
1.198798798798798870e+01 1.000000000000000000e+00 1.000000000000000000e+00
1.200000000000000000e+01 1.000000000000000000e+00 1.000000000000000000e+00
